【总体情况】
总数据量: 111814, 处理数量: 111814
均值: 19.362549451175155, 最小值: 0.0, 最大值: 20.200000762939453
1/4值: 19.100000381469727, 1/2值: 19.399999618530273, 3/4值: 19.700000762939453
可信: 110815, 不确定: 830, 不可信: 169

【不可信数据】
均值偏差:
13.243485373113279
相对均值偏差:
13.237683133827195
时间戳:
1594513607711.2634,1594514393202.3325,1594521328063.8188,1594524081412.232,1594538857018.3652,1594541378619.1228,1594552463098.2466,1594554094242.298,1594557522696.0627,1594568405078.3206,1594570552648.781,1594574632884.0652,1594582113807.0288,1594584728627.9294,1594587955622.127,1594591884082.208,1594592093947.7134,1594596340849.1748,1594601592574.3408,1594602240640.6062,1594603333078.5422,1594610498592.7827,1594614809445.6553,1594615440347.1526,1594620209442.241,1594623130196.6733,1594627823326.4436,1594632355832.6064,1594648222126.3635,1594649120053.7332,1594653586611.6204,1594662667682.5925,1594665408223.3054,1594667599154.4185,1594669634197.082,1594673027078.9485,1594676364379.8481,1594676672232.5095,1594677018109.6633,1594685828668.83,1594686927258.9785,1594690143812.5068,1594694159378.0415,1594699818215.4314,1594702797570.707,1594708633818.3564,1594710019649.366,1594716967748.5225,1594720743752.2532,1594730077578.143,1594732664581.276,1594735188405.0212,1594740546074.707,1594741645687.4875,1594743491737.0605,1594745347852.192,1594750074921.6367,1594750509131.323,1594752080960.4294,1594753777482.996,1594755704238.3394,1594757286038.6064,1594758520039.8354,1594762102661.6426,1594768709834.8591,1594771072293.663,1594772051281.4504,1594773716457.6128,1594779438565.1191,1594781138622.1794,1594784550841.351,1594785026360.0686,1594788402716.3452,1594791587747.1206,1594792597973.1646,1594793251703.8345,1594794350264.7686,1594795600045.4722,1594798318979.3877,1594801658282.6975,1594803108216.8003,1594805354425.9956,1594805897968.3962,1594811179771.3853,1594815904880.5964,1594828246123.7627,1594829795855.0393,1594830267016.544,1594830551923.5132,1594836217566.0027,1594836941899.7646,1594852463338.914,1594853795145.1194,1594860050108.3425,1594867457199.2395,1594868033586.0483,1594868588748.4119,1594868655635.6592,1594871003845.9033,1594876936337.5115,1594880194515.9084,1594880321818.0642,1594882143648.2827,1594886844604.4016,1594887865075.0728,1594891136634.979,1594893115073.5024,1594895373493.3472,1594896814323.159,1594903578537.0938,1594905029902.1526,1594905890593.3525,1594914173987.706,1594919733794.93,1594920143023.7314,1594922771453.7214,1594927230128.2168,1594930513751.1267,1594932821292.816,1594934510135.566,1594935144156.6206,1594936561507.313,1594941876854.8647,1594942801663.6147,1594942934507.5652,1594943609102.9697,1594947398648.727,1594950027326.7078,1594951022647.9536,1594952574477.331,1594955424160.5635,1594958312110.8284,1594959154713.2388,1594981723191.5337,1594983100206.5813,1594988116285.3936,1594999116242.4875,1595000687015.4778,1595005713194.9385,1595012026509.0886,1595014693264.4094,1595015762363.7778,1595024707153.4194,1595030374134.4126,1595047737358.9275,1595061044012.6895,1595079547639.3389,1595079808822.3865,1595080661976.308,1595085092008.7654,1595086180550.23,1595091812409.26,1595097029160.8308,1595101479834.3567,1595114937206.4414,1595122192980.9285,1595127500165.4934,1595128013394.7625,1595132465857.2354,1595143912608.8428,1595158176705.9019,1595166902233.063,1595170965113.7952,1595182672526.7566,1595187071117.041,1595191600389.4336,1595197267820.4888,1595203156347.4368,1595203162312.3047

【不确定数据】
均值偏差:
1.921104698580276
相对均值偏差:
1.9153024592941925
时间戳:
1594513613139.3113,1594513617491.742,1594513621307.857,1594513627817.873,1594514397017.5303,1594514400833.115,1594514406267.8594,1594514410084.7424,1594521334028.8699,1594521339457.5051,1594521344342.7446,1594521349771.6267,1594522964712.56,1594522979557.247,1594522985515.4346,1594522994738.7366,1594524092752.5981,1594524097640.8188,1594524104668.7405,1594524109021.9163,1594537255336.4155,1594537259149.0845,1594537264577.6829,1594537271108.282,1594538862982.9722,1594538868949.3381,1594538873839.3965,1594538879806.432,1594541382969.5488,1594541388396.5813,1594541392212.2786,1594541397110.352,1594552472829.5774,1594552480943.8696,1594552491202.522,1594552500379.996,1594554099676.6838,1594554104034.8264,1594554108385.1675,1594554112740.5664,1594557526511.0884,1594557531936.6606,1594557536833.934,1594557541193.5608,1594558037636.5427,1594568410003.5664,1594568417040.9717,1594568422466.359,1594568426281.8735,1594570557000.709,1594570561364.4846,1594570565717.424,1594570578404.411,1594574642068.1575,1594574646956.8708,1594574654022.1611,1594574657837.271,1594582124081.316,1594582131124.1096,1594582148104.1484,1594582151928.2134,1594584736202.7366,1594584745399.3174,1594584749751.058,1594584754638.167,1594587963741.8948,1594587967555.8462,1594587974591.2283,1594587981625.8875,1594591891100.9636,1594591895445.2783,1594591899254.084,1594591904132.693,1594592097755.4915,1594592101563.2554,1594592105373.2163,1594592111885.7666,1594596344662.5117,1594596348478.1257,1594596359817.365,1594596366316.9756,1594601600150.6829,1594601603964.1064,1594601611538.0466,1594601616427.6875,1594602246067.7344,1594602255318.453,1594602259670.6484,1594602269931.5508,1594603337431.2803,1594603343403.127,1594603350993.961,1594603355881.3687,1594609924066.974,1594610505630.9636,1594610511060.5737,1594610518110.8848,1594610522466.2134,1594614195259.3735,1594614200681.901,1594614206109.2793,1594614210998.1987,1594614815407.5732,1594614819227.2617,1594614823581.0115,1594614831163.4429,1594615446320.621,1594615460152.1587,1594615466118.3994,1594615474237.2607,1594620217036.2544,1594620221387.243,1594620226275.6995,1594620230627.7485,1594623134020.414,1594623137840.0588,1594623145413.3145,1594623156754.292,1594627827686.3965,1594627832037.974,1594627835850.8706,1594627840203.9265,1594632361791.913,1594632366680.0913,1594632375338.2788,1594632379162.5186,1594648227032.575,1594648230846.6736,1594648234661.9543,1594648239554.0754,1594649128167.319,1594649135746.8967,1594649148422.3672,1594649152238.082,1594653593648.0051,1594653600148.967,1594653607186.8567,1594653614797.165,1594662677940.5566,1594662682291.6848,1594662686650.6482,1594662693689.9226,1594665414184.9114,1594665418001.1685,1594665423430.086,1594665427781.0776,1594667602967.5964,1594667625053.4468,1594667629409.7744,1594667635368.7231,1594669638017.2188,1594669642904.788,1594669651024.3198,1594669654840.5803,1594673032504.4836,1594673036856.9453,1594673043358.442,1594673050413.6328,1594676373562.8516,1594676380065.6072,1594676384417.6836,1594676389310.7178,1594676685983.3535,1594676690885.9375,1594676694699.7476,1594676699051.3196,1594677032404.9717,1594677038370.541,1594677043262.8892,1594677047079.28,1594685838937.2866,1594685843288.264,1594685848178.621,1594685852529.7568,1594686933237.7505,1594686937589.8118,1594686943549.8396,1594686947901.6494,1594690151430.1602,1594690155781.732,1594690161209.9119,1594690165564.3928,1594692713018.7314,1594692718442.7507,1594692724408.1855,1594692730383.6606,1594694164268.0454,1594694168620.0376,1594694176251.1953,1594694196708.3752,1594699826868.0366,1594699830682.6147,1594699834499.6753,1594699839385.5278,1594700626386.9355,1594700632350.437,1594700639935.5676,1594700648059.7966,1594702801386.9744,1594702805741.1455,1594702811731.186,1594702817164.951,1594707049263.8323,1594707054693.7815,1594707062817.494,1594707075033.4905,1594708638170.3755,1594708643593.2634,1594708649559.3455,1594708654447.5437,1594710033942.7405,1594710038830.4697,1594710050174.6975,1594710054530.3203,1594715585477.4695,1594715589291.1812,1594715595848.2607,1594715601286.7944,1594716978033.1226,1594716986678.5474,1594716991037.5552,1594716997002.2744,1594720749185.0461,1594720753549.8035,1594720757362.4912,1594720762788.4573,1594723074047.1829,1594723078399.8494,1594723084359.379,1594723094674.6096,1594727002955.4749,1594727007849.785,1594727016497.923,1594727030254.591,1594727875592.0903,1594727880478.058,1594727886440.8613,1594727890794.1528,1594730081925.2454,1594730089503.2876,1594730093321.1475,1594730100890.276,1594732674841.2322,1594732681364.835,1594732685177.4185,1594732688993.737,1594734944360.4438,1594734950325.4314,1594734954680.0469,1594734962791.7432,1594735203212.525,1594735212409.4065,1594735218917.6597,1594735222733.9014,1594735893288.3555,1594735897107.1133,1594735903069.9868,1594735908498.5918,1594740549890.3416,1594740557501.246,1594740565078.1946,1594740569433.5325,1594741653263.5796,1594741659231.341,1594741663052.7705,1594741667940.6501,1594741958292.8623,1594741963718.6265,1594741974527.859,1594741978885.5225,1594742976036.9165,1594742984150.379,1594742990654.0261,1594742997162.501,1594743497180.6582,1594743501544.3584,1594743507514.4504,1594743511864.6726,1594745355447.5774,1594745362492.0974,1594745367920.3618,1594745371738.296,1594750079274.179,1594750088451.6348,1594750096067.0679,1594750103106.5635,1594750518326.7395,1594750522679.304,1594750527568.5618,1594750537831.9043,1594752095798.0935,1594752100687.6946,1594752107727.989,1594752112083.0396,1594753785598.403,1594753790492.022,1594753796986.536,1594753810758.9106,1594755710746.8965,1594755714560.2666,1594755720520.5696,1594755728651.6865,1594757290925.2812,1594757295834.9236,1594757299650.2026,1594757305608.2925,1594758529762.9644,1594758536800.02,1594758540612.548,1594758544425.997,1594762108625.8074,1594762125050.6685,1594762132628.9214,1594762139131.1914,1594768720657.2688,1594768728230.8948,1594768734186.143,1594768739110.1902,1594771077189.9495,1594771086373.0186,1594771091267.9204,1594771099916.1306,1594772058314.48,1594772064289.751,1594772068114.7163,1594772077836.9849,1594773721902.2114,1594773725720.8306,1594773730608.0745,1594773734454.3213,1594779443457.8257,1594779447272.568,1594779456463.9065,1594779460279.0674,1594781144046.7207,1594781148942.8372,1594781155986.951,1594781160338.9746,1594784556276.7188,1594784561166.384,1594784568743.4785,1594784573630.504,1594785033949.119,1594785037764.193,1594785041577.942,1594785045391.2383,1594788406532.4983,1594788413034.1748,1594788416846.75,1594788423893.7756,1594791593708.2285,1594791600207.8425,1594791606719.2205,1594791611605.932,1594792197369.2993,1594792203336.3625,1594792207686.8267,1594792212041.299,1594792623834.6438,1594792634095.9734,1594792640059.6853,1594792644411.744,1594793263838.565,1594793271947.2244,1594793287849.3953,1594793296503.386,1594794355154.439,1594794360041.1074,1594794365459.7314,1594794369811.7195,1594795603858.2769,1594795608213.456,1594795612026.6794,1594795617449.335,1594796648936.8132,1594796660301.4036,1594796666811.441,1594796671698.9136,1594797046820.0403,1594797053857.0999,1594797058208.0452,1594797062023.8672,1594798324942.8596,1594798328760.9075,1594798333651.3545,1594798337493.9324,1594799686938.9255,1594799690750.7114,1594799695103.395,1594799700526.7925,1594800255414.3525,1594800261378.845,1594800270576.891,1594800274390.5342,1594801664790.5447,1594801673437.0557,1594801681018.2266,1594801685380.7637,1594802270936.3135,1594802275289.1035,1594802279103.1519,1594802283455.0396,1594803119558.264,1594803123912.3518,1594803128796.4402,1594803142060.6418,1594805358797.8013,1594805363148.2883,1594805367502.1682,1594805371315.5215,1594805912786.6812,1594805918749.394,1594805924712.5088,1594805928530.9136,1594811183587.7808,1594811187401.5095,1594811192827.0854,1594811196643.0107,1594812198649.714,1594812203000.5527,1594812207354.717,1594812218165.0784,1594815909232.916,1594815916833.3152,1594815924959.7715,1594815929314.3342,1594828249936.019,1594828254286.8545,1594828258637.896,1594828265685.8015,1594829799670.0293,1594829807254.5776,1594829816435.758,1594829824560.4773,1594830275670.0586,1594830281632.39,1594830287058.0474,1594830291419.0635,1594830564626.4614,1594830570049.4653,1594830578696.7654,1594830586267.2686,1594836223527.9849,1594836227349.9893,1594836232236.9675,1594836237128.7449,1594836946795.1938,1594836955977.7957,1594836960331.563,1594836969518.923,1594852469310.0244,1594852475282.9329,1594852479097.3052,1594852483986.3955,1594853799500.5007,1594853806537.0293,1594853816806.9685,1594853820619.8508,1594860055000.5208,1594860063113.8494,1594860072310.4036,1594860076666.6382,1594867462088.5227,1594867468048.0012,1594867474012.191,1594867483739.786,1594868042796.4307,1594868047147.244,1594868061008.8394,1594868069651.7178,1594868601978.9492,1594868612777.1995,1594868617130.5493,1594868626318.934,1594868666436.991,1594868671858.7368,1594868675679.8633,1594868680569.2446,1594871010887.9248,1594871016851.0012,1594871020666.3086,1594871024482.095,1594876941227.9124,1594876945587.5525,1594876952090.5547,1594876956978.7837,1594880200473.3716,1594880206436.512,1594880212405.499,1594880217298.3047,1594880327780.3347,1594880332672.566,1594880336489.3096,1594880340840.837,1594882149075.7554,1594882161787.312,1594882167749.4153,1594882173710.4512,1594886848956.3552,1594886853846.7659,1594886859278.0027,1594886863626.4546,1594887868886.3877,1594887873237.7976,1594887877585.7642,1594887881399.1572,1594891141528.8125,1594891147492.1975,1594891155113.4805,1594891165401.0632,1594893120502.831,1594893125928.5085,1594893132442.3467,1594893137883.7708,1594895377308.8276,1594895389980.1353,1594895394865.8142,1594895404587.628,1594896820826.9805,1594896827860.2815,1594896833288.943,1594896837112.937,1594903229622.2825,1594903582893.342,1594903591006.9521,1594903595901.602,1594903601326.1216,1594905035329.4153,1594905040218.5178,1594905051029.2625,1594905056994.8706,1594905895480.5847,1594905908690.1555,1594905914123.7563,1594905931116.2002,1594914177796.006,1594914184285.2412,1594914189160.3706,1594914193503.6318,1594919737607.7285,1594919745183.6606,1594919754369.9827,1594919765179.5964,1594920150597.9385,1594920154412.2742,1594920161455.661,1594920171726.6355,1594922776377.5,1594922780191.2073,1594922784546.3328,1594922788361.579,1594927235019.4485,1594927246348.3384,1594927251780.8127,1594927256135.8442,1594927766606.0168,1594927770421.3958,1594927778534.2356,1594927785033.744,1594930519220.8115,1594930524649.2449,1594930534374.298,1594930539265.8254,1594930755842.8242,1594930761256.2617,1594930769881.441,1594930773689.0266,1594932825107.0767,1594932829458.9126,1594932833809.9758,1594932838164.3875,1594934515027.9404,1594934520453.021,1594934525347.6575,1594934529163.2695,1594935147971.906,1594935157160.8806,1594935162049.8613,1594935166402.0945,1594936565867.8167,1594936572366.5103,1594936579947.2395,1594936588055.7756,1594941885497.7278,1594941893083.5596,1594941897969.5786,1594941902324.1365,1594942808164.941,1594942813591.017,1594942820647.9302,1594942830372.0286,1594942939947.2026,1594942944304.7573,1594942958055.8872,1594942961869.9849,1594943616143.1445,1594943623191.4756,1594943628617.2668,1594943632434.502,1594947403000.9048,1594947408426.8108,1594947413317.743,1594947417132.9756,1594950033292.8132,1594950038731.2947,1594950046319.6907,1594950050669.9038,1594951028612.465,1594951033502.125,1594951038426.3752,1594951046001.7322,1594952578292.715,1594952587478.61,1594952598376.6912,1594952602728.5706,1594955429592.9307,1594955438242.1401,1594955443671.7527,1594955448022.4443,1594958316466.1875,1594958322423.042,1594958326237.5957,1594958331124.4036,1594959159063.7988,1594959163416.7295,1594959168842.052,1594959174810.089,1594977363234.0398,1594977369205.1013,1594977380572.9756,1594977384387.7844,1594981686790.2131,1594981691679.2349,1594981702545.2854,1594981706904.8984,1594981728619.4697,1594981732974.2957,1594981736788.101,1594981742213.3865,1594983104560.7634,1594983111070.6436,1594983114882.7537,1594983119770.2913,1594987768996.0154,1594987776030.8455,1594987783067.8354,1594987787416.3962,1594988121171.4456,1594988125523.0894,1594988130415.9211,1594988136917.8992,1594999122745.572,1594999126567.2883,1594999133076.9546,1594999139040.7473,1595000691370.5466,1595000698408.1829,1595000713251.6943,1595000718198.9307,1595005719151.7456,1595005731291.2659,1595005735640.379,1595005743748.0251,1595012030327.1494,1595012042999.3132,1595012048425.7087,1595012053314.9226,1595014697104.131,1595014701993.5017,1595014716279.789,1595014721176.1409,1595015767792.3027,1595015772148.1194,1595015776523.7222,1595015783565.0813,1595024712041.539,1595024717475.1133,1595024723437.701,1595024728334.5508,1595030380104.1047,1595030385011.0938,1595030390976.0635,1595030396404.4126,1595047743321.5,1595047750357.7695,1595047754176.6697,1595047766854.8325,1595048212521.6008,1595048217944.1953,1595048221763.8767,1595048225576.6694,1595052290696.2256,1595052294512.3608,1595052298327.624,1595052302679.5388,1595052669268.504,1595052675238.106,1595052681217.083,1595052685031.4563,1595061047825.856,1595061052179.3784,1595061056531.591,1595061061958.4473,1595079246746.4578,1595079256470.1526,1595079267811.6902,1595079272711.5332,1595079551450.6697,1595079559670.1255,1595079564555.7004,1595079569445.5205,1595079812637.6614,1595079816988.0315,1595079821338.5027,1595079829995.975,1595080666325.617,1595080671748.98,1595080680929.3008,1595080684744.8154,1595083254384.0542,1595083260887.4153,1595085095827.4612,1595085102864.262,1595085108825.769,1595085113175.419,1595086186511.009,1595086190867.3865,1595086200598.6655,1595086205487.941,1595091818360.1345,1595091827520.9482,1595091832933.9453,1595091842087.8608,1595097039970.9526,1595097044859.5269,1595097048670.6426,1595097052485.4375,1595101486332.5547,1595101494448.7666,1595101498801.491,1595101503692.406,1595114945867.7043,1595114950757.8723,1595114966666.9756,1595114973182.0564,1595122198945.745,1595122205988.337,1595122213563.4001,1595122222761.166,1595127508809.183,1595127514236.9795,1595127522895.1821,1595127527246.1929,1595128017744.9426,1595128023709.0994,1595128031279.6714,1595128043998.0935,1595132343164.7617,1595132349127.5105,1595132353477.9988,1595132360560.6401,1595132469671.0803,1595132475098.0056,1595132482718.3584,1595132487625.4016,1595135036792.3062,1595135044910.4697,1595135055180.196,1595135062223.5186,1595136849159.112,1595136854050.4575,1595136860626.7893,1595136864981.048,1595143917502.96,1595143921323.6172,1595143926751.3704,1595143930574.9983,1595148221564.6829,1595148227528.7722,1595148231888.0134,1595148236776.5305,1595158186425.248,1595158190787.3293,1595158196215.1143,1595158203257.5386,1595159979335.0654,1595159984762.129,1595159990731.928,1595159998839.0881,1595166906050.2573,1595166912550.193,1595166916904.1304,1595166923970.0256,1595168187418.4224,1595168191769.8716,1595168196659.1274,1595168202098.4915,1595170973232.2078,1595170977045.9858,1595170982470.043,1595170990577.528,1595173551751.335,1595182678491.4814,1595182682305.9502,1595182689341.2646,1595182693695.6912,1595187077078.2302,1595187084126.2102,1595187090635.0598,1595187094452.0706,1595188066610.2842,1595188072048.7393,1595188079617.832,1595188085581.4226,1595189260527.9678,1595189264878.1868,1595189270307.7085,1595189275730.1965,1595191604743.9788,1595191612334.6387,1595191616148.1367,1595191619961.441,1595197271637.2927,1595197278140.5479,1595197284125.5244,1595197288489.6438,1595203166680.901,1595203171568.592,1595203175380.3694,1595203182417.548

【可信数据】
均值偏差:
0.005802239286083477